   1.0000   2.0000   2.0000   2.0000   2.0000   2.0000   2.0000   2.0000   2.0000   2.0000   2.0000   3.0000
   1.0000   1.5365   1.7695   1.8955   1.9772   2.0379   2.0891   2.1397   2.2019   2.3005   2.5000   3.0000
   1.0000   1.3767   1.6458   1.8355   1.9755   2.0853   2.1786   2.2677   2.3674   2.5000   2.6995   3.0000
   1.0000   1.3245   1.6014   1.8250   2.0039   2.1493   2.2725   2.3850   2.5000   2.6326   2.7981   3.0000
   1.0000   1.3198   1.6105   1.8594   2.0658   2.2355   2.3770   2.5000   2.6150   2.7323   2.8603   3.0000
   1.0000   1.3441   1.6613   1.9361   2.1645   2.3500   2.5000   2.6230   2.7275   2.8214   2.9109   3.0000
   1.0000   1.3952   1.7546   2.0593   2.3059   2.5000   2.6500   2.7645   2.8507   2.9147   2.9621   3.0000
   1.0000   1.4822   1.9027   2.2405   2.5000   2.6941   2.8355   2.9342   2.9961   3.0245   3.0228   3.0000
   1.0000   1.6308   2.1334   2.5000   2.7595   2.9407   3.0639   3.1406   3.1750   3.1645   3.1045   3.0000
   1.0000   1.9077   2.5000   2.8666   3.0973   3.2454   3.3387   3.3895   3.3986   3.3542   3.2305   3.0000
   1.0000   2.5000   3.0923   3.3692   3.5178   3.6048   3.6559   3.6802   3.6755   3.6233   3.4635   3.0000
   1.0000   4.0000   4.0000   4.0000   4.0000   4.0000   4.0000   4.0000   4.0000   4.0000   4.0000   3.0000
